2312312133132232111
2122131232233311311
1232223111332
3212233331211322113
232133221131131
3213333123222
1233212231112
221331323323111
222132331311311
222132231133121
2213312333111221321
2211331331122
2231131132212
221131213323321
221113332321311
223313212311311
221221113123131
222112312313321
2211132133312
2231332123112
2233312312321121131
221311233231331
2233312123123213113
2233312123123211131
22122123313332132
2223321213211131331
2221321323123133113
221333122132231
2221321311122333313
2221123231113323131
2223321121333112131
22331331231112322
2213113323211232313
2233133112322
2231331121321323123
2213113323323121123
2213113323213231121
223111333221121
22313311211332122
2213331112312132231
2213331112312123321
2232232131133312111
223331321121131
223111131233321
222132231131121
22231231213313322
222112331323321
22213211231213312
22322133231
2212231333112
2212211131132
22122313312132112
22122111231
22231213321
22122111231
2231111232332321133
2213112332332
2211311223132
2231113223332
2211132112312
2211132132312
22113112131
22333123131
22311132331
22311132331
22113112131
223223111333311
2211313212132321333
22111321311
2213333212112123313
223133123221111
22322133231
22233231113321132
2232211131133323123
221223333211211
2233311323121121323
222332312111121
221113232133311
22213231121
2233133132211112233
2211311312233332213
2233311323121121323
2231113332231312213
2233133132211112233
223111333223121
22322331211
22111321311
2212233332211131133
22211211321
2211313212132321333
221311123123211
22122331331132212
222312311133131
221221231333311
221333111221321
222332211311121
22333112321323112
22333112321321232
221131233332131
2231112313333212213
11133222311131
31211323123233222
1323321112312122333
333223111222131
132312332232111
112312313221221
13221221321133312
1322111223333221313
1122313233122
1122233332121321313
3122123223111321331
3322211112132332313
1122233312132132311
1322321133311223213
332212311311231
33213223311
332221311311231
11211223131
312223123221331
3123321321332
1322211232313311231
31122113111
3312232131322211131
332332121121221
31322122111
3322123113233211213
132232312321331
13222132121131332
3322122123133132113
3123323312132
3123323313211112221
1322213212112331331
332212311323111
1132212233311323121
3123322213121133211
132232331123121
1122321223133121331
132221321231111
13231222111
3322121331322123111
312223113312131
11322133311
11223221231333312
31213233122311132
3332231312213111223
1121121322333132233
31322111331223132
1323121131322133221
132312113133221
13231211312232332
31322111132233122
1121121323223233313
1323121121323122333
11211213332223312
332332312221121
332332312213111
3132211122231213333
3322122321311311323
1121121323323122333
13231211212232332
31322111221333122
332332312211121
31213233112313222
112112132233321
112112132232331
332332312212111
132312112221321
131223332211311
13322333312211122
132112112322331
11223221231312312
1321122231232
112232211331121
1321122231232
11222312312133322
3112211132331323221
31122123331322112
33221223321113212
11222312312113322
33222132311123122
311221233222111
11223221231333312
31233222331
13211222111
3122233213122
1322211232331131233
132232231231111
11223221123133132
13322322331
33222132311113122
1122322113122333313
112223122113311
1323123121113233221
13322322331
3122122132232
3322122311212
3122233212113313213
13122322331
1122322113122333313
3322213223122
211312223132111
21333212311113222
2311311222132
21332211231
12312232332113112
12331123131
32113313311
321133232113311
3213313312232
123113113322231
323311211231131
2113312333221211321
321231232113111
3223111312332
23323322131
1233111331322321223
21121122311
3233111312232
1211323133212
21311333121123322
23331332122122312
1211312333222132133
211113123322231
3233132211212312313
21313312232232132
121123322113221
213112132311221
3233213113122322113
323123221311331
1213213311232
1213213331112332221
12132123113222332
12132123333132222
323321231122311
2111321233132
23133212223133112
32311123332113222
1213223231112321333
2131321122331323121
2333322212211131131
23131222323311312
1211213313222
2333123222113113211
21113212233313222
21112232123113332
2333123222113121131
2131123222332
2313321231112
3233231121222
3233222123311112133
231322321233211
211113322231231
3233132122122331113
1213221133322123313
323122332123121
2333311232212213113
323313212231121
1211312322322113333
2313113222211233313
3233131112233121221
1211313222132321333
323111221323121
3233131222231131213
2333312113321122121
2111133222231231333
323313221123121
321133311322231
231311223132211
2122131232331131233
12311322233332112
32113322311
3222132311122131333
3222132311122131333
23311322331
2312132131333222113
12321113313322232
32123133221311232
212333133112321
3212133331221121233
3212133331221121233
3212132221331131233
232131123311321
231213112232211
121131232221321
1232332322213111131
2333312211211213323
12211122131
2122131233233231113
12311322111
3222132311122131333
233331221113211
3222112113122333313
121131133223331
3222132311122131333
12211123131
2122333212133111233
3222132311122131333
12331122131
23213133132212112
3222132311122131333
13313311231
13333132221
2211133121233212333
2211311312322321333
2231331213112123323
