3323132221311112323
2211333212232113313
23113231212213332
1333111232212331223
2212212332331311311
2213331112322123313
221312321123331
2212232132333111131
223323211312311
22322123123313312
22231232213313312
22213212231131132
2212133121231132331
2223331112321331213
2221113332123113233
2212133121231133323
2232331121233113123
2212113323211331323
2212133121231132331
2223331112321331213
2232331121233113123
22333212311323112
22313212331121132
3312132321322231111
3122112123321213333
3113122333322211213
332221133132111
111321312223331
3121132223331112323
1121223332123113233
1133213132121323223
111232223133211
1322322123331112313
1133221323211232313
312223132112111
3123333212222113111
1322322321123331113
313321112223131
332212321311231
1133312132132322123
1322323311122131233
1322213212113331231
3311123222133123213
1323213312112232311
3311231312223132213
1332332321312212111
311132332213121
311322121121331
1122231331211232333
1312322123331122313
321333312221111
2122123113113332231
323111331213221
2132332212133123111
3212212333311122133
213331112223131
2123113113123222333
232232113331131
3212112123313313221
321131332221131
211113232233311
122131111333221
1222232133133132113
2122121133133132233
232212211311331
2122121133323113233
2122323113113323123
2122123113113323323
2332312212131121333
233133132221111
212212231113311
323111213323221
1223333221221113311
1222211133233231133
2322121133133132213
1222231133133132213
123231111323221
3222233311213112133
1222233311133132211
211311312223331
2333312211211312323
3222233311133121123
233331112221131
231211322221331
122221331113311
212232123133111
123111132223331
3221111331332322123
2131332213233211123
2122121133133132233
122131133233221
213133121113221
3222233113331112213
123233221311231
2322121133133132213
3222233311211213313
3222233113331112213
211311312223331
2322121133133132213
122223321311331
221323213231121
2213123221233311313
2213123221233311313
223121231233321
2232331121233113123
2232331121233113123
221121233231121
2212133121231133323
222131133233121
2231212312323311133
2211212332121331333
222313311211321
2233232112323113113
221121233233121
221211332123311
2231212312323313111
221211332123311
221323213233121
221213312321331
2233321221231331113
221121233213121
223231132123111
223121231233321
223233112321131
2233321221231331113
221323213233121
222131133233121
223121231213321
222313311211321
2231212312323311133
2231212312323311133
222111331213321
2213123221233311313
2233321221231331113
223323211213321
222131133233121
223323211231321
222111331213321
2233321221231311311
221213312321331
221121233233121
222313311211321
2213123221233311313
2211123223213113333
2213123221233311313
222313311211321
2211123223213113333
221323213231121
222111331213321
221323213233121
