1123321333311221221
3113233321221232111
313312112232131
3312323122232111133
3122333212132311213
3121132223331112323
3132132212112123333
3111221312323321233
2211311312322123333
2331121322211132331
12323133211123222
2312222133323111131
2333122113113132221
23211112312213322
2321123111133332221
231113332221311
2332113133131221221
23221221131132332
2322331331321221113
2322313311211213323
11213133322322132
231333312221111
232221113312131
2321122211133132333
2313332112113132223
2333121122213132131
2332111331212212331
2331123233132221111
2321311133321213223
231113332221311
231222213331111
23133311122122312
2313311112223332213
231322213211121
2322213212111331331
2321331311123132221
2332112212133321313
231222213313111
23311221111333222
23311221111332222
23312122131132332
233133132221111
233133132221111
231113332221311
2333121332223121113
2332113331211312221
233133132221111
23331232311113222
2333113132212213121
231322213233121
232133131132221
232221311311331
231222213311131
231113332221311
2333112112132232313
2333311232221113211
233133132221111
23222113311112332
23222113311112332
23221112321333312
2322133311123231213
23223233113112132
1121332223133132123
2322133311123221313
3212112131331322233
113112132223331
11332131322312132
133211122233311
1323331131322122123
133312112231321
1312112123223231331
1322233311123221313
132112113123221
1323223112112133321
133211122223311
1322121133312132231
13113223123321222
131133232221311
1331212333221112323
1331332321113222123
13211211312223332
2232311311212333123
323111213312221
3223132221123331113
3212211113332223311
322231331123211
3233112313122122311
321131332223131
321333312212111
32213331111323222
322122121113331
3221221211312333133
32231222211311312
322322121333311
321333312223121
3233112213122331213
3231112313123321221
3223221213211131331
3222313311212312133
3211313322212313121
322131331312221
32122131232233132
32122213112331332
3212333123131121221
32123331232221132
3212233331131122211
3212232133311122131
3222133311122131233
323331221112211
322131331323221
321131332212131
32221211333121132
32222123121331332
3222111331332321123
1321312223333212113
131211233121221
132133232211311
1311332322123231213
133312112221311
1323223112112132333
133211122221311
1311123121323323223
1331213233232212111
1322121133232131323
132133232231111
1312113322313221233
1323213231111222333
322233311312231
3223221213112133311
3231111322122321331
321333312211121
32122322133331112
32123133111322232
1333121122232131321
1322321133312112231
1311332332312112223
1323223132121121331
131211322221311
1311312233321221231
13312122323312112
1331233332122221113
133211122231331
1331121121233222333
133312112231321
1331322111122223331
1322323111123321231
132133232212111
1311312233321223213
133211122223311
1323223132121133213
1312112232212333313
131123332221311
1331323311122123223
1322322321311211333
1321332322321211311
1323223112112132333
133312112221311
1312112232232133311
1322321211332123311
133122211112331
132311123132221
133211122231331
1312113132332223213
133312112231321
132133232231111
131123332221311
132311123133211
13223221233331112
13223221233312112
132212113321231
1331222311123233213
133211122231331
132212113332231
1312113323223231213
131211322233311
131123332221311
1331223332122123113
1333121122232132311
1321332322321211311
1322121133312132231
133111122223331
133211122221311
132311123122211
131211233133211
131123332221311
132133232211311
133312112221311
1331111222333221233
133211122221311
132311123132221
1322121133232132313
132212113321231
1312112123322231331
1331322333121122213
132133232212111
131123332221311
133312112231321
1331111221233233223
133211122233311
132311123121221
1312113321232232311
1322121133232131323
131123332221311
132133232212111
1333121122232131321
1331121121323323223
1331233332221112213
133211122223311
1322121133312123323
132311123122211
133312112231321
1321332322321211311
132212113332231
131211312221331
131123332221311
1331221121233312323
1331321221222333113
132311123122211
133211122233311
131123332221311
132133232211311
1312112232313323213
1333121122232132311
1322121133232131323
1331332322322111123
13312122233332112
1331111222333223213
132311123132221
1312113321313222233
1322121133312123323
133111122223331
133211122231331
133312112221311
131123332221311
13223121233312112
132212113332231
131211322233311
132133232231111
1332111222232133311
132311123121221
1331111222333221233
1322121133312132231
1312112123332231323
1333121122232132311
132133232231111
1331332332112122123
131123332221311
131211233133211
1331221232211133233
132311123133211
1322121133232132313
133211122231331
131123332221311
133312112221311
132212113321231
1321332322321211311
1331322211122321331
132311123122211
131211312232331
133211122221311
133312112231321
1331321121231233221
132133232212111
1322121133232131323
131123332221311
132311123121221
1312112232212331331
133211122231331
132212113332231
1331321222113323213
133312112231321
131123332221311
132133232211311
1322121133312123323
1331322321111222333
132311123132221
1332111222232133311
131211212331331
133312112221311
132212113321231
131123332221311
1331233332211112223
1321332322321211311
131211333123211
133211122233311
132311123121221
1331121121222332331
1322121133232132313
131123332221311
132133232231111
133312112232311
13311211213332222
133111122221331
131211233132221
133211122221311
132311123122211
1322121133312123323
1322121133232132313
132133232212111
131123332221311
1333121122232131321
1331111222333223213
132311123133211
1312113222232133311
133211122231331
133111122223331
1322213212113323313
132133232211311
13223323211211322
1322111232212333313
131123332221311
1333121122232131321
1322233311123221313
1322211232112331331
1312112232332131233
133211122221311
132311123133211
1331111222333223213
133111122232331
133312112221311
1312113122333221233
132133232231111
131123332221311
13222123111233322
132212113332231
132311123122211
1312113331223223211
1332111222232133311
133312112231321
133111122221331
1322121133312123323
131123332221311
1321332322321211311
132311123132221
1322121133232131323
1312112232312333213
133211122221311
131211312223331
133312112232311
131123332221311
1322111232232131333
132133232212111
133111122232331
133211122233311
132311123121221
1322312321113332123
1312112123333222313
132133232211311
132212113321231
131123332221311
1333121122232132311
1331111222333223213
133111122221331
133211122231331
132311123121221
1312112123333231223
132133232212111
131211233122211
131123332221311
133312112221311
1322121133232132313
1322322123331112313
1331111222333221233
132311123132221
1332111222232133311
133312112232311
13222123121132332
1322233311123221313
131123332221311
132133232231111
1312112232333121233
1322332321123231113
133111122232331
1322121133312132231
132311123133211
133211122233311
1312113222232133311
133111122223331
133312112231321
1321332322321211311
131123332221311
132212113321231
131211212331331
133211122231331
132311123122211
133312112231321
1331111222333221233
132133232211311
131123332221311
133211122233311
133111122221331
1322121133232131323
1312113331213223221
132311123132221
132212113332231
131123332221311
132133232211311
1333121122232131321
133211122221311
1312112232232131333
132311123121221
1331111222333223213
131211312232331
133312112232311
132133232231111
131123332221311
1322121133232132313
133111122223331
1322121133312123323
1332111222232131331
132311123133211
1312112232312333213
133312112221311
1322121133232131323
132133232212111
131123332221311
1331111222333221233
132311123133211
13223123211112332
1322233311123231213
1322322123331112313
1332111222232133311
131211322221311
1331111222333223213
1321332322321211311
132212113332231
131123332221311
1333121122232132311
133111122221331
131211233121221
133211122231331
132311123122211
131123332221311
133312112231321
133111122223331
1322121133312123323
132133232212111
132311123132221
133211122233311
131211312232331
1322111232212331331
131123332221311
1331111222333223213
133312112221311
132133232231111
1331111222333221233
132311123132221
1312112123223233313
133211122231331
1322111232232131333
133111122221331
131211333132221
131123332221311
133312112232311
132133232211311
132212113321231
1332111222232133311
132311123133211
1333121122232131321
1312112232313321231
1322121133312132231
1321332322321211311
1331111222333221233
131123332221311
133111122223331
132311123121221
133211122221311
132133232211311
1322121133232131323
131123332221311
131211213322231
133312112232311
133211122233311
133111122232331
1322121133232132313
132311123122211
131123332221311
132212113321231
1321332322321211311
131211322221311
133312112231321
133111122221331
132311123121221
133211122233311
131123332221311
131211233122211
132212113332231
132133232231111
133312112221311
132311123132221
133211122221311
1331111222333223213
133111122232331
131123332221311
1312113122333223213
1333121122232132311
132133232212111
1322121133232131323
133211122231331
1312112232332331213
1322121133312123323
132311123133211
132133232211311
133312112221311
133111122223331
131123332221311
131211333132221
1322121133232132313
132311123133211
1332111222232133311
1322111232332123311
133111122221331
131123332221311
1312112232232133311
133312112231321
1321332322321211311
1322111232212333313
133211122233311
132311123122211
133312112232311
1331111222333221233
131211213331231
131123332221311
132133232231111
1322332321313211123
133211122231331
133111122232331
1322111232313323213
132311123121221
133312112221311
1322322123331112313
132133232212111
1312113122333221233
131123332221311
133211122233311
132311123132221
1322212332113331123
131211322221311
133111122223331
1321332322321211311
131123332221311
132212113321231
133312112232311
131211233133211
1331111222333223213
132311123132221
133211122231331
132133232211311
1322121133312123323
131123332221311
133312112231321
133111122221331
131211312232331
132311123122211
133211122221311
13223323211231322
132212113332231
1322121133232131323
133111122223331
1333121122232131321
132133232231111
131123332221311
1312113331223221233
132311123121221
1322233311123221313
1332111222232133311
132133232212111
1333121122232132311
1322121133312132231
131211333123211
131123332221311
1331111222333221233
132311123133211
1331111222333223213
133211122231331
131123332221311
133111122221331
132212113332231
133312112232311
131211322233311
132133232212111
1332111222232133311
132311123122211
132212113321231
132133232231111
133312112221311
131211233121221
133111122232331
131123332221311
132311123132221
133211122231331
133312112231321
131123332221311
131211213332221
1321332322321211311
1322121133232132313
1331111222333221233
133111122223331
132311123122211
1322121133312123323
133211122221311
1322121133232131323
132133232211311
131123332221311
1312112232212331331
133312112231321
1331111222333223213
132311123133211
1322111232232131333
133211122233311
133312112221311
131211312221331
131123332221311
1322121133232132313
1331111222333221233
132133232231111
133111122232331
1332111222232133311
132311123132221
1322111232313323213
1321332322321211311
131211233121221
1333121122232132311
13223223213312112
1322233311123221313
131123332221311
1322312123331112323
1322212333123231113
132311123133211
133211122221311
133111122223331
131211322231331
131123332221311
132133232212111
133312112232311
1322121133312132231
133211122233311
132311123132221
133111122221331
132133232211311
133312112232311
132212113332231
1312112232332131233
131123332221311
1332111222232133311
132311123122211
1331111222333223213
1312113331213222233
1333121122232131321
131211213323221
132133232231111
131123332221311
133111122223331
132212113321231
133211122221311
132311123121221
1312112232232133311
1331111222333223213
131123332221311
1322121133232132313
133312112231321
1321332322321211311
133211122231331
1322121133232131323
132311123122211
133111122232331
131123332221311
133312112221311
132133232212111
1312113122333221233
1322121133312123323
132311123132221
132212113332231
1312113331223221233
1332111222232133311
133111122221331
133312112221311
131123332221311
132133232211311
1312113331213222233
133111122232331
131211322233311
132311123133211
132212113321231
133211122231331
131123332221311
133312112232311
132133232231111
131211312223331
132311123121221
1322121133232132313
133211122221311
1331111222333221233
1331111222333223213
131123332221311
1322121133312123323
1333121122232132311
1321332322321211311
133111122221331
132311123132221
132212113332231
131211233133211
1332111222232133311
132133232212111
133312112231321
131123332221311
132311123121221
1322121133232131323
1331111222333221233
133211122231331
131211213332221
131123332221311
132133232211311
133111122223331
1322121133312132231
133312112231321
133211122233311
132311123122211
131211333123211
1333121122232131321
131123332221311
132212113321231
132133232211311
133111122232331
1332111222232133311
1312112232312321331
132311123121221
1322121133232132313
1321332322321211311
1331111222333223213
133312112221311
131123332221311
131211322221311
132311123132221
133111122221331
1322121133232131323
133211122233311
1322121133312123323
133312112232311
132133232231111
131123332221311
132212113321231
132311123122211
133211122221311
1331111222333223213
131211213331231
133312112232311
133111122232331
132133232212111
131123332221311
132212113332231
131211233133211
132311123132221
133211122231331
133111122223331
132133232212111
131123332221311
1333121122232131321
1332111222232133311
132311123121221
1322121133312123323
1322121133232132313
1322211232331131233
13223121233312112
222131133332111
131211312221331
131123332221311
132133232231111
133312112221311
1331111222333221233
13223323213211122
1322121133232131323
132311123122211
1312112232212333313
1322111232332131233
1332111222232131331
133111122232331
133312112231321
221321233312111
221221233332111
2233321223211311311
223113323323111
222331133332111
221123213112131
2232232112133133113
2212321311213133233
3322113113123221231
3312221113232131323
3332221113232131123
3331321121231312223
2213232132121131331
2223311333322111123
332331321122211
3321231332311112221
333213231112221
3331112213123223213
3311323121121322231
331231322211131
3331132312112132223
3322231331321211213
223213313323111
22331232311321232
3311313212221321231
333221122223111
33312112232232132
3312132332312111223
332232311321231
331332312211121
333123132221111
332331322221131
3321132322321211311
331231322211131
3332311321232212111
332331321312221
332131322223131
3311122332312122133
3322313212111323213
2233212313313211121
3331121121321322231
2221113332122331133
3313313221111222233
3322323113232112113
3313221112322321313
223332123111131
3311223223213113123
2231232111333212133
222132121123331
2231113332122123133
2212331131132
33233122321
131131223332231
3312212331322211131
33131232232221312
323322123123131
333123132221111
32132333212212112
133233232231111
211222231131331
332211123221311
3313221123122
1311332322312112323
3222333113112123123
1312312233322
131131223332231
221231131121331
33222111323123132
3211221213312123333
32222311333121132
331321223111321
2231331121231232133
